0 0.671647 0.762890 0.086372 0.190841
0 0.754272 0.509105 0.082698 0.140396
0 0.258080 0.629847 0.060491 0.200549
0 0.867534 0.395160 0.061550 0.095627
0 0.162093 0.379067 0.037934 0.101979
0 0.329540 0.576445 0.116336 0.157340
0 0.777216 0.806787 0.035340 0.091774
0 0.527724 0.521183 0.108636 0.155853
0 0.957638 0.796500 0.084725 0.094454
0 0.450676 0.492501 0.062894 0.138844
0 0.562342 0.409960 0.030228 0.073860
0 0.666496 0.372782 0.042133 0.096750
0 0.598248 0.518741 0.053045 0.133902
0 0.443177 0.315488 0.107878 0.116577
0 0.296301 0.409721 0.072605 0.095986
0 0.314410 0.443268 0.082534 0.115885
0 0.390619 0.469888 0.040733 0.077980
0 0.405795 0.319949 0.051871 0.096571
